ID
401
402
405
406
407
409
410
412
413
414
415
416
417
419
420
421
439
440
441
442
444
445
446
447
448
449
450
452
454
455
456
457
459
461
462
463
468
470
471
472
473
474
477
478
479
480
481
482
484
485
487
488
490
491
492
494
496
497
504
511
529
530
532
535
536
537
538
541
542
543
544
545
548
552
554
555
557
558
559
560
561
562
565
566
568
572
584
585
589
595
599
600
602
603
604
605
606
608
613
614
616
618
619
621
623
628
631
632
633
635
637
638
639
640
641
642
644
647
649
652
654
655
656
661
662
663
666
668
670
673
674
677
678
679
680
681
682
683
685
686
688
690
693
695
696
700
701
702
704
707
708
710
711
712
714
715
717
718
719
721
723
724
725
728
729
730
732
736
737
738
739
741
743
744
745
746
747
748
749
750
752
753
755
758
760
762
766
768
769
771
772
776
777
778
779
780
781
782
784
785
786
787
788
789
791
792
793
800
803
805
806
807
808
809
810
813
814
815
816
817
818
819
820
823
826
827
828
829
830
831
832
834
835
838
840
841
842
843
844
848
850
851
852
853
854
855
856
857
858
860
861
863
865
866
869
871
874
875
877
878
879
881
882
883
885
886
887
888
