ID
400
401
402
405
407
409
410
412
413
415
416
419
420
421
439
440
442
444
445
446
447
448
449
450
452
454
455
457
459
461
462
463
464
468
470
472
473
474
478
479
481
482
484
485
487
488
490
491
494
496
497
504
511
529
530
531
532
537
539
541
542
543
544
545
548
552
554
557
558
559
560
562
565
568
572
584
585
589
592
595
599
600
601
602
603
604
605
614
616
619
620
621
623
631
633
637
638
639
641
642
644
650
654
656
658
661
662
663
666
670
673
674
677
678
680
681
682
683
685
686
688
690
695
696
697
700
701
704
707
708
710
712
714
715
717
718
719
721
723
725
728
729
736
737
738
739
743
745
746
747
748
749
751
752
753
755
757
758
760
766
767
769
771
772
773
776
777
778
779
780
782
784
786
787
788
789
791
792
793
797
798
800
802
803
805
806
808
810
813
814
816
817
818
819
820
823
826
828
829
831
832
835
839
840
841
842
843
844
846
847
850
851
852
853
855
857
858
860
861
865
866
867
869
871
872
874
875
877
878
880
881
882
883
884
885
886
887
888
890
