ID
400
401
402
405
407
409
410
412
413
415
416
419
420
421
440
442
444
445
446
447
449
450
452
454
455
456
457
459
461
462
463
464
468
470
472
473
474
478
479
481
482
484
485
488
490
491
494
496
497
504
511
529
530
531
537
539
541
542
543
544
548
552
554
555
557
558
559
560
561
562
565
568
572
584
585
589
592
595
599
600
601
602
603
604
605
606
614
616
619
620
621
623
626
631
633
637
638
641
642
644
650
652
654
655
656
658
661
662
663
666
670
673
674
677
678
679
680
681
682
683
685
686
688
690
693
694
695
697
700
701
707
708
710
711
712
714
715
717
718
721
723
725
728
729
732
734
736
737
738
739
743
745
746
747
749
750
751
752
753
755
757
758
760
766
767
768
769
771
772
773
777
778
780
782
784
786
787
788
789
791
793
797
798
800
802
803
805
806
808
813
814
816
817
818
819
823
826
827
828
829
830
831
832
835
838
839
840
841
842
843
844
846
850
851
852
853
854
855
857
858
860
861
866
867
869
872
875
877
878
879
880
881
882
883
884
885
886
888
890
