ID
478
626
561
544
548
886
674
779
704
863
595
890
440
757
407
840
814
769
788
750
555
745
832
531
856
658
817
464
739
854
